483921657967345821251876493548132976729564138136798245372689514814253769695417382
215489316969273584837561279673135498183892657452736131391927845728343961594618723
245681937679423185381795426172964858753812643468537219926178354834259761517346892
137256849928314567465897312379542981819673254542189736256731498791428655784965123
523816749784593126691472835239145687457268913168937254342789561915624378876351492
176924583524317669939685271657498132893162754412753698265849317781236945345471826
143786256657925381288351694962134578355678142418275963821567439796413825534892716
487156932362498751915372864846519273593724186271863549124685397738941625659237418
714968532856123479239574168948356317572341896163791245391282754687439621425617983
761984283925783165438615997856471329874392658219568374687159432142837516593246811
679125438158436927423879156834611795867952814512784362285513649396547281741298553
962341758148975623573268149321694875487512936695837412834726591216459387759183264
386271594475639812271584863823956741169742358754318699647893125512467989698125437
634819257179532468825674139458923791793451826261788345366297514581346972947155683
716128345428435197354179682531246978267983451494581263149852736625397814873614529
361725948587964213492831657638259471174683592259147836746392185923518764815476329
359867124648312597712549836876924351524731968193685472931476285465298713287153649
689245331219893457534671819165482973327916548498537126951528764842369191773149285
743512986589346217126987345934251768671498532852763491398675124417829653265134879
782614359439825176651937428293471865568392714147568293326749581975183642814256937
728431896356957182941268365214876513617593248583142976892615437475389621136724859
185724396676319428342564197864157239529843761713692845947236584638475912251938673
346218959571943628289765314697351432123874596854629137465197263912436785738582941
124682735867435912395712684478359261259861347631274598712998453983547126546123879
361524789289361445745899321893175642412683957657942138134759866526418273978236514
581439267329176845647825913495361728238347591716582493172695384853214679964783152
387256419462891375519734862123548971758963241694127583831475696275689134946312758
345871269279653184861429537197346852452718396683592741738264915516937428924185673
231674989889321564467589213743135628126798435958462771894237156312956847575816392
284175653657394128131286479528649731763821945149753286312468597875912364946537812
297346185836751249541928637374215968128639574965487321712463853453892716689573412
134697285758213649962485173544829316276731594891546327619378452327154968485962731
638971542154638179792445368573197416941382857867157923375819234316724695429563781
852716943197843652463925187278634591645179328931582476786491235314258769529367814
453218796629753481178496532796582314314967825285134679542879163937641258861325947
516289347849173256732465918698317524327954861154826739961732485275648193483591672
145386729789294365326957184962175243238469576574823919457632891612598437893717652
365942871128756493974813562819435627537268149642179358296384715753691284481527936
134587296278169354695234817359816472821473569746925183917348625462751938583692741
193672485462358971785914623538296714674135298219487356826741539941523867357869142
714968532856123479239574168948356317572341896163791245391282754687439621425617983
384657921216439785579821364162795438847362159953141276621978543495286817738514692
469158237172463859538297641827639514915742368346581792253914486994876123881325976
314579268986321475752468139591932687238647591671985324849156723125753946163294852
586127349723469851491853267135974682279618534648532174912346785354781926867295413
964253817715489623832716549673831295528974361149562378281697954457128936396145782
159743862276589431348612759624978315915234687737165294493821976861497523792356148
641537295592286741732941685219375846358464927274192353487659132163428579925713468
892463517415729638763158492154997863679834251238516974981345726527681349341275186
391285467894167223726934518673459182958621734412873659289546371131792845547318926
