416399825732824619958765314825437169691582432345416782289643571563271948174958236
527316489486599731319247565172453896693182257854672913241865397765934128938721644
617425893843769215592163747289534176354271988176898532928646351435987621765313429
486312599539684271127595346745839162613247855892161734251476983368929417974158623
829614357134875269575892411485926735681577942492133786258369174347251698916748523
469138527782456319135279468571892643243761985896345172624913852318625794957684231
672854319855193647143992857436728195718569234229431768584271963367945481197685422
652418997834279166917356845461892533375144628298563714186935272543721489729685311
672853419855194632341992857436728195718569243229341768583271964967445381184635927
592316478634287159671459233127643292349721865826795341768532984453168732218974516
671392548253476617498578629712684393869237154345911872987153466136749285524869731
368521497127496853954387126245839671793262548681765932419653284833112769576948315
125364987843957621967812345231548766798136452654273198379685214512429873486721539
346172899279638451851944263612495738794813625583267184928361547565789312437521986
124769358376428911589331724263915847417833695895246132958632471731584269642197583
671392548243578619598476322712684933869237154354911867487153496136749285425869791
218635794967248531353917682596423817132789456784561329675392148421856973829174165
456279138322861975197435286674153398239784561871926464718342659963518742542697813
123759486874261593956384721215843978347596152698127334532478619761912845489635217
568479231214355968933621574792148643386247195145936827879564312356712489421893756
498215377251437968733869415917382654684751293523694781562143839379578642842976135
132476958874935211957281346413528679528193477769544123297654831341987562685312794
417326895832549617655789234724837169991952483386914752248693571563271948179485326
129378746763491825845262391512689437398754612674123958487915263231846579956237184
123468759546197283897235411278919364314672895961543827439726518685384972782951346
427651398163892574895734261259143687348526912671528943514369722736219459982475136
349526871526817934178493526713969258865245319952381647635974182287139465491652783
658372491147569382239814576712645839896733154395821677984157963973486215561293748
547982361169537484832614729628493578374295916915768234286349155793156842451328697
254379861761248539839516742326791458415862397987453216593167924142985673678434115
381672499579148326624939518746385241235719865198426371917253684853261977466897132
642589317138227546975341828364892751259176438781435962596614273813758694427993185
427359168315862479968174325251983647739641852684725913543297281892516734172438596
182647359357892614496513728715928436944135872238476195574369281869771543571284967
528394167463571928917286543632147852785632419794858376856619231176423585296715634
416399528935128746982764313724837461691452837354816292249683175563271984178945633
125769348367428511484153926273915684614233795894376132958632471731584269742591833
127956483964837215835142967243591678679481532588273149758619324396228751416325896
249765183537418269861329475422136997786251334315947826693581748654872391178693552
314825769287369145659714328128536974576498213943217586761443892832971452495652831
287531946395426817164897523431652788588173294572984631823749165656218479719365222
729364851653218749148795236374651928912877364386429517291136475431587692567942183
947621358813547692265389174134875226789162435652493781478936513526718949391254867
132487695457691382869325174621973548594812763783854921395262417247139856916548239
143568729825497136976321845314675982652819347789243641291734958468952913537186294
683415279124679358795282314347128695861594327952367481276851943519733862438944162
249675183865419277713248546136587492597342861428961735382754619651893247974126358
126739485874652391935481762672174539753976248248523176361245957489817623577396814
273481569841756293596233147169547828425869731387192456734615982952378614618924375
654372898213869457879544123742638519165297384398415672487153966931786245526943731
182637954564291378973845261451372896328916547697458123211563789239784615746129435
558461327913257684762388951299673845347514296186924173879136432495792138231845769
126478593837529461945163278492731956561984732793256814219645387374815629688392145
964185273258637149317924568672519384435268917681473625796841432199392856843756391
836527196195763824426198753519832246289645371673212958762351489958474632345986517
531624978724839651869175243493516827618743595257298164945361782376482719182957436
152947863347668215866231479571894632483812598289375141638124157724153986715789324
298853691158629473463741582572384916649217358831596724984962137627931845315478269
547329168829451733136487942214735489694812457753646281975168324382934616461273895
516378942278694315394115672987452136463981257125937489832749561739143528154263794
821537496596241387437896521182365749143785612679412853919674235368159274754123968
124966358365428719789153624253817946416393875897245131978521463531684297642779583
237641598815239746946857321797123854361485972452978613524398167673512489189764235
597438621146529378832161459418752963329816745675943182951277834783174296264389517
127365489853491276964278351231756894548932617679184523312547968485619732796823145
341652898587399241629184573863275169975816324162473759736928415218546937454937682
265389471874251639139647852327894165546172398918563247693578924452916783781438546
842359167639178542517264938154826379793415286968733415981642753376511824285937691
139726545582394671476851298213847956748569312695143837324675189851932764967481523
893716514157489623624352789632975148918643275745821936586237491289164857471598362
183294657255716384476538172417385966699177235538942117342651899965823741761429533
355271489146889523829453761614337952978125346233964817992548175581796234467512698
427369851659218437138745269374651928915427386386927514263594178741582693591136642
326451978158697423974382165499163852285946617617528394443216789542879231761235249
752346891169587423438921657574862912283419735591753268946175382817292546325674179
493215786562479331717368249926134878918657923374982165145893672285746519639521477
142678953965341782873295641214783596397952814658914327521836479439527168786439235
496578123371924685285861947159785462162439718847216539914352876528647391633197254
259374861763218549148596237324761958915822374387459612591137426431682795672945183
963177254125948376478265199342859611812666743697431825786914532539626487236584961
152368947376149285984572316768614532225935168413285794547493871837421659691857423
934758612657241389812639475189423567546976123723815947461387251398562794275194836
822475136316928547945613228568741392493896715197232654659157483284389761783284961
615499723347826591892753461269534187754281639183967245921348356438675912576312864
875269314246135988193488527721946835934821672658377491512694763487613259369752143
132749685857361492964285371586427139349698157279513846423956718618974523795138264
796513482241968753538742916365827149825451637417639825679354298154176391183296574
856327141127468395439159268598234617214876539763915482979543826381692754642781953
775298431814735296239146786152479368643821975987653812369514829491382657528967143
149382576872965134365174982986241357451837629237596418791623841524719663613448795
739658241684291735125734968553419687418372529972586413241963875396825194895147362
125344678456128393837569241643217985789435126518996724378962517591983462264751839
852691473173425698649378125268743519514269783937815246326987554481236957729154863
549162787238975461762384592856741239427893655913526748391657824675428913682419373
354189726268743915197652483489521367612374598573698241729865134845233679736419852
